R,Energy
0.5,-103.91136897317404
0.5202020202020202,-104.61975333008098
0.5404040404040404,-105.24439709672023
0.5606060606060606,-105.8200816749425
0.5808080808080808,-106.30066547336219
0.601010101010101,-106.72288376048725
0.6212121212121212,-107.0934986420917
0.6414141414141414,-107.41853750127245
0.6616161616161617,-107.7166188788305
0.6818181818181819,-107.96426878145283
0.702020202020202,-108.18079471989549
0.7222222222222222,-108.36986045680175
0.7424242424242424,-108.53469765612618
0.7626262626262627,-108.68481568349739
0.7828282828282829,-108.80852999932165
0.803030303030303,-108.9157034053771
0.8232323232323233,-109.00827999969624
0.8434343434343434,-109.08797427600392
0.8636363636363636,-109.15944155930585
0.8838383838383839,-109.2172623229555
0.9040404040404041,-109.26628151217525
0.9242424242424243,-109.30753248967484
0.9444444444444444,-109.3419279460779
0.9646464646464648,-109.37154610329915
0.9848484848484849,-109.39430773683227
1.0050505050505052,-109.41239613455357
1.0252525252525253,-109.42636879125112
1.0454545454545454,-109.43672096245874
1.0656565656565657,-109.44417572873343
1.0858585858585859,-109.44843091349951
1.106060606060606,-109.45026494310765
1.1262626262626263,-109.44998812885117
1.1464646464646466,-109.4478774642767
1.1666666666666667,-109.44395758086263
1.1868686868686869,-109.43883083211847
1.2070707070707072,-109.43254352767968
1.2272727272727273,-109.42526967827574
1.2474747474747474,-109.41716388900676
1.2676767676767677,-109.40790730801322
1.287878787878788,-109.39850774688693
1.3080808080808082,-109.38864721198593
1.3282828282828283,-109.3784194761229
1.3484848484848486,-109.36790680134047
1.3686868686868687,-109.35664042899478
1.3888888888888888,-109.34575842513415
1.4090909090909092,-109.33478291842104
1.4292929292929295,-109.32376041703463
1.4494949494949496,-109.31273087665522
1.4696969696969697,-109.30117957395191
1.48989898989899,-109.29023672142921
1.5101010101010102,-109.27937552491579
1.5303030303030305,-109.26861626415845
1.5505050505050506,-109.25744713849377
1.5707070707070707,-109.2469462545186
1.590909090909091,-109.2365897910571
1.6111111111111112,-109.22638665718858
1.6313131313131315,-109.21634383659259
1.6515151515151516,-109.20597726343846
1.6717171717171717,-109.1962783680187
1.691919191919192,-109.18675208754524
1.7121212121212122,-109.17740018061201
1.7323232323232325,-109.16822356354825
1.7525252525252526,-109.15877703506668
1.772727272727273,-109.14995995055561
1.792929292929293,-109.1413173122371
1.8131313131313131,-109.13284794820156
1.8333333333333335,-109.12455036768111
1.8535353535353536,-109.11602090809174
1.873737373737374,-109.10806994210023
1.893939393939394,-109.10028505616994
1.9141414141414144,-109.09266411583943
1.9343434343434345,-109.08520489294165
1.9545454545454546,-109.07754425899338
1.974747474747475,-109.07040940485734
1.994949494949495,-109.06342927799619
2.0151515151515156,-109.05660157242197
2.0353535353535355,-109.0499239686593
2.0555555555555554,-109.04307148993028
2.075757575757576,-109.036694346001
2.095959595959596,-109.03046027492684
2.1161616161616164,-109.02436702362508
2.1363636363636367,-109.01841234832273
2.1565656565656566,-109.01230662647829
2.176767676767677,-109.006629018898
2.1969696969696972,-109.00108315442992
2.217171717171717,-108.9956668139754
2.2373737373737375,-108.99037779510299
2.257575757575758,-108.98495894914687
2.2777777777777777,-108.97992405633038
2.2979797979797985,-108.97500975100309
2.3181818181818183,-108.97021381120618
2.3383838383838382,-108.96553401437113
2.358585858585859,-108.96074279620473
2.378787878787879,-108.95629415412336
2.3989898989898992,-108.95195490740394
2.4191919191919196,-108.94772288016422
2.4393939393939394,-108.94359591598466
2.45959595959596,-108.93937334222761
2.47979797979798,-108.93545509632672
2.5,-108.93163542223449
